0.258286754 -0.323660615 2.275352754 0.973676385
0.167658082 -0.173943802 2.230101836 0.701036583
0.213711214 -0.096513636 2.77765305 0.664235947
0.257826742 -0.153303882 2.929903792 0.725217065
0.227367085 -0.226875214 3.192038877 0.604513851
0.29707499 -0.125012662 3.347010866 0.278565189
0.253380049 0.040957103 3.900306915 0.333608292
0.434690544 -0.179539834 3.95920546 0.266202459
0.233358557 -0.110426773 4.513029017 0.264158685
0.309397654 -0.039241497 4.681395671 0.128679188
0.268100576 -0.052630663 4.944550247 -0.183817474
0.336295529 0.050916321 5.380023776 0.314923847
0.383568488 -0.263521311 5.816818264 -0.115412464
0.271740175 -0.316833884 5.892258439 -0.677581348
0.37813998 -0.100109434 6.35130042 -0.551171782
0.32708519 -0.124288625 6.50389161 -0.955727407
0.318597789 -0.216869042 6.992389399 -0.951967449
0.215326213 -0.334744463 7.043205612 -1.221487912
-0.035040957 -0.077543457 7.006712655 -1.476399369
0.170197008 -0.062307673 7.076019663 -1.702334042
0.325171499 -0.008000277 7.534015162 -1.481437319
0.414100752 -0.043273351 8.001067914 -1.49148567
0.197609976 -0.391999135 8.211005889 -2.015420805
0.409390148 -0.114261647 8.649643037 -2.122464452
0.334974442 -0.065947082 8.925195479 -2.247646534